965182486
-384609228
318072710
-225008664
-897880087
927229562
698968258
370036393
11062698
-787527136
-677967837
-1051577456
1061283693
-784502317
304734624
496420900
-844269910
-980688407
229728703
836738336
634320693
1027342382
664419394
374513031
1060247018
36624947
791203055
703947457
-483294421
851170515
-87855307
525759422
509933813
-643440955
-367310057
449865410
-571445000
232427557
-1053050255
-144671152
364430546
-511846249
52162763
657612160
-877155469
1014622758
-508076610
-834185493
75004014
826888664
907188949
-757376132
-596137288
769250960
-517822407
-582562567
-611936331
789785007
-213054845
-459797225
-786080799
-514201263
-387732388
218031903
-418248479
-836237799
-939398596
393546401
-88264598
-281808306
625176613
251110490
-1029572220
-409502545
-428026603
-930882661
-610206842
-1045151835
-909210040
977131866
82167704
-360019488
-902488992
339463183
-708415684
-269981868
-668200865
-106266343
889562181
249450875
67395104
-225804964
-288074985
-346793662
123681100
242689647
199489363
-616785418
136386087
906399925
